8.900000000000000000e+01
1.200000000000000000e+01
1.280000000000000000e+02
8.600000000000000000e+01
1.010000000000000000e+02
7.800000000000000000e+01
9.000000000000000000e+01
8.500000000000000000e+01
6.900000000000000000e+01
6.100000000000000000e+01
7.200000000000000000e+01
5.700000000000000000e+01
5.600000000000000000e+01
6.500000000000000000e+01
8.100000000000000000e+01
6.900000000000000000e+01
7.600000000000000000e+01
1.050000000000000000e+02
9.000000000000000000e+01
9.500000000000000000e+01
8.400000000000000000e+01
9.100000000000000000e+01
9.000000000000000000e+01
1.000000000000000000e+02
1.300000000000000000e+02
1.230000000000000000e+02
1.620000000000000000e+02
2.390000000000000000e+02
2.430000000000000000e+02
2.720000000000000000e+02
3.240000000000000000e+02
3.690000000000000000e+02
4.530000000000000000e+02
4.360000000000000000e+02
4.670000000000000000e+02
4.840000000000000000e+02
4.800000000000000000e+02
5.540000000000000000e+02
6.010000000000000000e+02
5.930000000000000000e+02
5.630000000000000000e+02
5.180000000000000000e+02
5.390000000000000000e+02
5.940000000000000000e+02
6.380000000000000000e+02
6.760000000000000000e+02
7.360000000000000000e+02
8.660000000000000000e+02
9.430000000000000000e+02
1.050000000000000000e+03
1.091000000000000000e+03
1.012000000000000000e+03
1.033000000000000000e+03
1.183000000000000000e+03
1.177000000000000000e+03
1.199000000000000000e+03
1.311000000000000000e+03
1.370000000000000000e+03
1.537000000000000000e+03
1.710000000000000000e+03
1.776000000000000000e+03
1.975000000000000000e+03
1.850000000000000000e+03
1.921000000000000000e+03
2.170000000000000000e+03
2.223000000000000000e+03
2.359000000000000000e+03
2.360000000000000000e+03
2.465000000000000000e+03
2.434000000000000000e+03
2.375000000000000000e+03
2.193000000000000000e+03
2.065000000000000000e+03
2.213000000000000000e+03
2.160000000000000000e+03
2.290000000000000000e+03
2.220000000000000000e+03
1.969000000000000000e+03
1.763000000000000000e+03
1.675000000000000000e+03
1.678000000000000000e+03
1.448000000000000000e+03
1.403000000000000000e+03
1.192000000000000000e+03
1.196000000000000000e+03
1.051000000000000000e+03
9.470000000000000000e+02
8.000000000000000000e+02
8.010000000000000000e+02
7.060000000000000000e+02
5.740000000000000000e+02
5.200000000000000000e+02
4.210000000000000000e+02
2.800000000000000000e+02
2.490000000000000000e+02
1.750000000000000000e+02
1.860000000000000000e+02
1.550000000000000000e+02
1.070000000000000000e+02
1.170000000000000000e+02
1.100000000000000000e+02
9.200000000000000000e+01
1.010000000000000000e+02
9.100000000000000000e+01
9.300000000000000000e+01
1.010000000000000000e+02
8.700000000000000000e+01
8.700000000000000000e+01
6.700000000000000000e+01
8.400000000000000000e+01
1.050000000000000000e+02
1.150000000000000000e+02
9.800000000000000000e+01
9.700000000000000000e+01
1.030000000000000000e+02
9.700000000000000000e+01
9.500000000000000000e+01
1.070000000000000000e+02
1.050000000000000000e+02
9.100000000000000000e+01
8.400000000000000000e+01
8.800000000000000000e+01
9.700000000000000000e+01
1.140000000000000000e+02
1.010000000000000000e+02
1.150000000000000000e+02
9.100000000000000000e+01
9.400000000000000000e+01
9.600000000000000000e+01
8.100000000000000000e+01
9.600000000000000000e+01
1.110000000000000000e+02
9.700000000000000000e+01
1.050000000000000000e+02
1.090000000000000000e+02
1.060000000000000000e+02
9.300000000000000000e+01
1.050000000000000000e+02
1.080000000000000000e+02
9.800000000000000000e+01
1.230000000000000000e+02
1.160000000000000000e+02
9.600000000000000000e+01
1.160000000000000000e+02
1.190000000000000000e+02
1.080000000000000000e+02
1.090000000000000000e+02
9.600000000000000000e+01
1.080000000000000000e+02
1.400000000000000000e+02
1.290000000000000000e+02
1.280000000000000000e+02
1.220000000000000000e+02
1.250000000000000000e+02
1.270000000000000000e+02
1.300000000000000000e+02
1.360000000000000000e+02
1.450000000000000000e+02
1.460000000000000000e+02
1.470000000000000000e+02
1.520000000000000000e+02
1.900000000000000000e+02
1.810000000000000000e+02
1.790000000000000000e+02
1.630000000000000000e+02
1.900000000000000000e+02
1.900000000000000000e+02
1.610000000000000000e+02
1.740000000000000000e+02
2.110000000000000000e+02
1.710000000000000000e+02
1.970000000000000000e+02
2.020000000000000000e+02
2.220000000000000000e+02
2.230000000000000000e+02
2.240000000000000000e+02
2.290000000000000000e+02
2.420000000000000000e+02
2.430000000000000000e+02
2.570000000000000000e+02
2.590000000000000000e+02
2.370000000000000000e+02
3.040000000000000000e+02
2.600000000000000000e+02
2.870000000000000000e+02
2.760000000000000000e+02
2.970000000000000000e+02
2.810000000000000000e+02
2.800000000000000000e+02
3.240000000000000000e+02
3.020000000000000000e+02
3.180000000000000000e+02
3.220000000000000000e+02
3.200000000000000000e+02
3.180000000000000000e+02
2.980000000000000000e+02
3.270000000000000000e+02
3.310000000000000000e+02
3.060000000000000000e+02
3.120000000000000000e+02
3.490000000000000000e+02
3.520000000000000000e+02
3.030000000000000000e+02
3.350000000000000000e+02
3.490000000000000000e+02
3.190000000000000000e+02
3.290000000000000000e+02
3.110000000000000000e+02
2.970000000000000000e+02
3.000000000000000000e+02
3.150000000000000000e+02
2.980000000000000000e+02
3.180000000000000000e+02
2.920000000000000000e+02
2.960000000000000000e+02
2.890000000000000000e+02
2.880000000000000000e+02
2.670000000000000000e+02
2.720000000000000000e+02
2.610000000000000000e+02
2.630000000000000000e+02
2.590000000000000000e+02
2.510000000000000000e+02
2.310000000000000000e+02
2.320000000000000000e+02
2.240000000000000000e+02
1.940000000000000000e+02
1.900000000000000000e+02
1.560000000000000000e+02
1.530000000000000000e+02
1.310000000000000000e+02
1.020000000000000000e+02
1.190000000000000000e+02
9.000000000000000000e+01
8.500000000000000000e+01
7.700000000000000000e+01
6.400000000000000000e+01
6.300000000000000000e+01
5.400000000000000000e+01
7.500000000000000000e+01
5.000000000000000000e+01
6.700000000000000000e+01
5.300000000000000000e+01
5.700000000000000000e+01
5.000000000000000000e+01
4.600000000000000000e+01
3.800000000000000000e+01
4.200000000000000000e+01
4.000000000000000000e+01
3.100000000000000000e+01
4.500000000000000000e+01
5.300000000000000000e+01
4.000000000000000000e+01
6.000000000000000000e+01
4.000000000000000000e+01
4.260000000000000000e+02
2.050000000000000000e+02
1.190000000000000000e+02
1.120000000000000000e+02
9.200000000000000000e+01
7.100000000000000000e+01
6.600000000000000000e+01
6.700000000000000000e+01
4.800000000000000000e+01
3.600000000000000000e+01
3.400000000000000000e+01
3.200000000000000000e+01
3.100000000000000000e+01
2.600000000000000000e+01
3.100000000000000000e+01
3.200000000000000000e+01
2.600000000000000000e+01
2.300000000000000000e+01
1.900000000000000000e+01
2.700000000000000000e+01
3.500000000000000000e+01
3.700000000000000000e+01
4.300000000000000000e+01
4.400000000000000000e+01
5.000000000000000000e+01
4.700000000000000000e+01
5.700000000000000000e+01
5.300000000000000000e+01
4.100000000000000000e+01
2.900000000000000000e+01
4.200000000000000000e+01
5.700000000000000000e+01
7.300000000000000000e+01
6.800000000000000000e+01
7.800000000000000000e+01
6.900000000000000000e+01
5.900000000000000000e+01
7.100000000000000000e+01
6.100000000000000000e+01
9.200000000000000000e+01
8.200000000000000000e+01
7.300000000000000000e+01
9.000000000000000000e+01
1.070000000000000000e+02
1.080000000000000000e+02
1.570000000000000000e+02
1.520000000000000000e+02
1.720000000000000000e+02
2.190000000000000000e+02
2.990000000000000000e+02
3.310000000000000000e+02
4.620000000000000000e+02
4.300000000000000000e+02
4.070000000000000000e+02
4.110000000000000000e+02
4.250000000000000000e+02
4.440000000000000000e+02
3.980000000000000000e+02
4.840000000000000000e+02
4.860000000000000000e+02
4.480000000000000000e+02
4.720000000000000000e+02
4.390000000000000000e+02
4.390000000000000000e+02
5.120000000000000000e+02
5.100000000000000000e+02
5.190000000000000000e+02
5.510000000000000000e+02
6.270000000000000000e+02
7.740000000000000000e+02
8.540000000000000000e+02
8.960000000000000000e+02
9.310000000000000000e+02
9.410000000000000000e+02
9.290000000000000000e+02
9.800000000000000000e+02
1.016000000000000000e+03
1.052000000000000000e+03
1.244000000000000000e+03
1.261000000000000000e+03
1.372000000000000000e+03
1.559000000000000000e+03
1.639000000000000000e+03
1.851000000000000000e+03
1.849000000000000000e+03
1.816000000000000000e+03
2.001000000000000000e+03
2.049000000000000000e+03
2.247000000000000000e+03
2.407000000000000000e+03
2.301000000000000000e+03
2.322000000000000000e+03
2.175000000000000000e+03
2.233000000000000000e+03
2.147000000000000000e+03
2.005000000000000000e+03
1.980000000000000000e+03
1.924000000000000000e+03
2.011000000000000000e+03
2.000000000000000000e+03
2.151000000000000000e+03
1.931000000000000000e+03
1.942000000000000000e+03
1.679000000000000000e+03
1.530000000000000000e+03
1.269000000000000000e+03
1.203000000000000000e+03
1.123000000000000000e+03
1.048000000000000000e+03
9.740000000000000000e+02
9.140000000000000000e+02
8.080000000000000000e+02
7.640000000000000000e+02
6.800000000000000000e+02
6.310000000000000000e+02
6.980000000000000000e+02
6.490000000000000000e+02
5.440000000000000000e+02
4.250000000000000000e+02
2.440000000000000000e+02
2.240000000000000000e+02
2.160000000000000000e+02
1.860000000000000000e+02
1.570000000000000000e+02
1.570000000000000000e+02
1.570000000000000000e+02
1.490000000000000000e+02
1.520000000000000000e+02
1.400000000000000000e+02
9.900000000000000000e+01
1.060000000000000000e+02
1.010000000000000000e+02
1.170000000000000000e+02
1.070000000000000000e+02
1.090000000000000000e+02
1.160000000000000000e+02
1.010000000000000000e+02
1.060000000000000000e+02
1.060000000000000000e+02
1.190000000000000000e+02
1.050000000000000000e+02
1.030000000000000000e+02
1.070000000000000000e+02
1.050000000000000000e+02
1.070000000000000000e+02
9.400000000000000000e+01
1.200000000000000000e+02
1.280000000000000000e+02
1.050000000000000000e+02
1.200000000000000000e+02
1.330000000000000000e+02
1.320000000000000000e+02
1.300000000000000000e+02
1.230000000000000000e+02
1.250000000000000000e+02
1.280000000000000000e+02
1.380000000000000000e+02
1.080000000000000000e+02
1.250000000000000000e+02
1.620000000000000000e+02
1.410000000000000000e+02
1.600000000000000000e+02
1.670000000000000000e+02
1.720000000000000000e+02
1.680000000000000000e+02
1.790000000000000000e+02
1.880000000000000000e+02
1.740000000000000000e+02
2.280000000000000000e+02
1.690000000000000000e+02
2.120000000000000000e+02
2.270000000000000000e+02
2.130000000000000000e+02
2.210000000000000000e+02
2.500000000000000000e+02
2.460000000000000000e+02
2.570000000000000000e+02
2.630000000000000000e+02
2.150000000000000000e+02
2.290000000000000000e+02
2.600000000000000000e+02
2.120000000000000000e+02
2.200000000000000000e+02
2.590000000000000000e+02
1.970000000000000000e+02
2.620000000000000000e+02
2.460000000000000000e+02
2.200000000000000000e+02
2.370000000000000000e+02
2.370000000000000000e+02
2.180000000000000000e+02
2.720000000000000000e+02
2.490000000000000000e+02
2.520000000000000000e+02
2.990000000000000000e+02
2.640000000000000000e+02
2.640000000000000000e+02
2.880000000000000000e+02
3.080000000000000000e+02
2.840000000000000000e+02
2.920000000000000000e+02
2.870000000000000000e+02
2.920000000000000000e+02
3.020000000000000000e+02
3.180000000000000000e+02
2.690000000000000000e+02
3.270000000000000000e+02
2.940000000000000000e+02
2.990000000000000000e+02
2.850000000000000000e+02
2.940000000000000000e+02
2.740000000000000000e+02
2.890000000000000000e+02
2.780000000000000000e+02
2.410000000000000000e+02
2.450000000000000000e+02
2.520000000000000000e+02
2.950000000000000000e+02
2.810000000000000000e+02
2.800000000000000000e+02
2.750000000000000000e+02
2.750000000000000000e+02
2.620000000000000000e+02
2.720000000000000000e+02
2.420000000000000000e+02
2.720000000000000000e+02
2.830000000000000000e+02
2.300000000000000000e+02
2.230000000000000000e+02
2.420000000000000000e+02
2.670000000000000000e+02
2.450000000000000000e+02
2.300000000000000000e+02
2.240000000000000000e+02
1.970000000000000000e+02
2.350000000000000000e+02
2.210000000000000000e+02
1.930000000000000000e+02
2.020000000000000000e+02
1.730000000000000000e+02
1.720000000000000000e+02
1.640000000000000000e+02
1.400000000000000000e+02
1.160000000000000000e+02
1.090000000000000000e+02
9.200000000000000000e+01
7.400000000000000000e+01
6.000000000000000000e+01
4.500000000000000000e+01
4.700000000000000000e+01
5.300000000000000000e+01
5.200000000000000000e+01
4.700000000000000000e+01
5.900000000000000000e+01
5.400000000000000000e+01
6.000000000000000000e+01
2.190000000000000000e+02
2.770000000000000000e+02
1.120000000000000000e+02
9.400000000000000000e+01
8.300000000000000000e+01
8.600000000000000000e+01
6.300000000000000000e+01
6.000000000000000000e+01
4.100000000000000000e+01
4.200000000000000000e+01
2.400000000000000000e+01
4.200000000000000000e+01
2.400000000000000000e+01
2.800000000000000000e+01
2.400000000000000000e+01
3.100000000000000000e+01
1.600000000000000000e+01
1.900000000000000000e+01
2.900000000000000000e+01
1.300000000000000000e+01
2.200000000000000000e+01
1.700000000000000000e+01
1.700000000000000000e+01
8.000000000000000000e+00
1.700000000000000000e+01
1.900000000000000000e+01
1.800000000000000000e+01
1.400000000000000000e+01
1.700000000000000000e+01
1.400000000000000000e+01
1.000000000000000000e+01
1.900000000000000000e+01
1.800000000000000000e+01
8.000000000000000000e+00
1.800000000000000000e+01
2.600000000000000000e+01
2.700000000000000000e+01
2.900000000000000000e+01
3.300000000000000000e+01
3.300000000000000000e+01
4.700000000000000000e+01
4.000000000000000000e+01
5.900000000000000000e+01
7.300000000000000000e+01
5.400000000000000000e+01
2.700000000000000000e+01
4.800000000000000000e+01
4.400000000000000000e+01
6.200000000000000000e+01
7.300000000000000000e+01
7.600000000000000000e+01
7.600000000000000000e+01
7.300000000000000000e+01
6.300000000000000000e+01
5.800000000000000000e+01
6.400000000000000000e+01
4.800000000000000000e+01
9.400000000000000000e+01
9.700000000000000000e+01
8.100000000000000000e+01
6.800000000000000000e+01
8.900000000000000000e+01
9.600000000000000000e+01
1.210000000000000000e+02
1.070000000000000000e+02
1.250000000000000000e+02
1.310000000000000000e+02
1.660000000000000000e+02
2.700000000000000000e+02
2.750000000000000000e+02
2.320000000000000000e+02
2.010000000000000000e+02
2.410000000000000000e+02
2.960000000000000000e+02
3.020000000000000000e+02
3.270000000000000000e+02
3.590000000000000000e+02
4.010000000000000000e+02
4.010000000000000000e+02
4.380000000000000000e+02
3.990000000000000000e+02
4.400000000000000000e+02
4.630000000000000000e+02
4.600000000000000000e+02
4.270000000000000000e+02
4.910000000000000000e+02
4.760000000000000000e+02
4.880000000000000000e+02
4.970000000000000000e+02
5.300000000000000000e+02
5.410000000000000000e+02
5.880000000000000000e+02
5.770000000000000000e+02
5.580000000000000000e+02
5.410000000000000000e+02
6.100000000000000000e+02
6.170000000000000000e+02
6.770000000000000000e+02
8.050000000000000000e+02
8.340000000000000000e+02
8.530000000000000000e+02
8.550000000000000000e+02
9.580000000000000000e+02
1.086000000000000000e+03
1.132000000000000000e+03
1.343000000000000000e+03
1.373000000000000000e+03
1.396000000000000000e+03
1.498000000000000000e+03
1.639000000000000000e+03
1.532000000000000000e+03
1.531000000000000000e+03
1.524000000000000000e+03
1.640000000000000000e+03
1.786000000000000000e+03
1.966000000000000000e+03
1.836000000000000000e+03
1.995000000000000000e+03
1.985000000000000000e+03
2.133000000000000000e+03
2.181000000000000000e+03
2.243000000000000000e+03
2.108000000000000000e+03
2.075000000000000000e+03
2.077000000000000000e+03
2.080000000000000000e+03
2.217000000000000000e+03
2.196000000000000000e+03
2.163000000000000000e+03
1.927000000000000000e+03
1.808000000000000000e+03
1.662000000000000000e+03
1.578000000000000000e+03
1.388000000000000000e+03
1.309000000000000000e+03
1.186000000000000000e+03
1.159000000000000000e+03
1.020000000000000000e+03
8.790000000000000000e+02
7.630000000000000000e+02
6.400000000000000000e+02
6.130000000000000000e+02
6.160000000000000000e+02
5.160000000000000000e+02
5.200000000000000000e+02
4.850000000000000000e+02
4.590000000000000000e+02
4.620000000000000000e+02
3.880000000000000000e+02
3.370000000000000000e+02
3.810000000000000000e+02
3.670000000000000000e+02
3.640000000000000000e+02
3.330000000000000000e+02
2.710000000000000000e+02
2.510000000000000000e+02
2.230000000000000000e+02
2.180000000000000000e+02
1.990000000000000000e+02
2.170000000000000000e+02
2.040000000000000000e+02
1.910000000000000000e+02
1.930000000000000000e+02
1.730000000000000000e+02
1.760000000000000000e+02
1.900000000000000000e+02
1.910000000000000000e+02
1.970000000000000000e+02
1.780000000000000000e+02
1.780000000000000000e+02
2.020000000000000000e+02
2.030000000000000000e+02
1.840000000000000000e+02
2.020000000000000000e+02
2.120000000000000000e+02
1.930000000000000000e+02
2.040000000000000000e+02
1.910000000000000000e+02
1.780000000000000000e+02
2.160000000000000000e+02
2.250000000000000000e+02
1.710000000000000000e+02
2.060000000000000000e+02
1.980000000000000000e+02
2.090000000000000000e+02
2.110000000000000000e+02
1.970000000000000000e+02
1.840000000000000000e+02
2.160000000000000000e+02
2.030000000000000000e+02
2.550000000000000000e+02
2.090000000000000000e+02
2.340000000000000000e+02
2.590000000000000000e+02
2.230000000000000000e+02
2.470000000000000000e+02
2.550000000000000000e+02
2.340000000000000000e+02
2.550000000000000000e+02
2.740000000000000000e+02
2.570000000000000000e+02
2.590000000000000000e+02
2.740000000000000000e+02
3.070000000000000000e+02
2.670000000000000000e+02
3.020000000000000000e+02
2.900000000000000000e+02
2.990000000000000000e+02
2.930000000000000000e+02
2.830000000000000000e+02
2.820000000000000000e+02
3.020000000000000000e+02
2.580000000000000000e+02
2.710000000000000000e+02
2.840000000000000000e+02
2.820000000000000000e+02
2.560000000000000000e+02
2.810000000000000000e+02
2.690000000000000000e+02
2.790000000000000000e+02
2.730000000000000000e+02
2.590000000000000000e+02
2.330000000000000000e+02
2.570000000000000000e+02
2.340000000000000000e+02
2.410000000000000000e+02
2.420000000000000000e+02
2.650000000000000000e+02
2.530000000000000000e+02
2.560000000000000000e+02
2.150000000000000000e+02
2.410000000000000000e+02
2.250000000000000000e+02
1.890000000000000000e+02
1.930000000000000000e+02
2.110000000000000000e+02
2.030000000000000000e+02
1.870000000000000000e+02
2.200000000000000000e+02
1.790000000000000000e+02
1.590000000000000000e+02
1.560000000000000000e+02
1.500000000000000000e+02
1.540000000000000000e+02
1.270000000000000000e+02
1.450000000000000000e+02
1.470000000000000000e+02
1.130000000000000000e+02
1.010000000000000000e+02
7.900000000000000000e+01
7.500000000000000000e+01
6.100000000000000000e+01
5.400000000000000000e+01
4.900000000000000000e+01
3.600000000000000000e+01
6.500000000000000000e+01
1.830000000000000000e+02
