2.650000000000000000e+02
3.000000000000000000e+00
2.300000000000000000e+01
3.000000000000000000e+01
8.000000000000000000e+00
1.000000000000000000e+02
1.200000000000000000e+02
1.630000000000000000e+02
4.680000000000000000e+02
7.540000000000000000e+02
1.340000000000000000e+03
4.291000000000000000e+03
8.571000000000000000e+03
1.855200000000000000e+04
2.565400000000000000e+04
1.475900000000000000e+04
5.666000000000000000e+03
1.801000000000000000e+03
6.050000000000000000e+02
1.614000000000000000e+03
7.590000000000000000e+02
1.857000000000000000e+03
1.388000000000000000e+03
1.053000000000000000e+03
5.570000000000000000e+02
1.462000000000000000e+03
4.711000000000000000e+03
4.100000000000000000e+01
4.040000000000000000e+02
9.500000000000000000e+01
1.885000000000000000e+03
0.000000000000000000e+00
1.889000000000000000e+03
1.700000000000000000e+01
1.920000000000000000e+02
5.370000000000000000e+02
9.500000000000000000e+01
3.000000000000000000e+00
2.500000000000000000e+01
3.800000000000000000e+01
2.500000000000000000e+01
0.000000000000000000e+00
6.600000000000000000e+01
9.400000000000000000e+01
0.000000000000000000e+00
1.800000000000000000e+01
2.000000000000000000e+00
0.000000000000000000e+00
1.600000000000000000e+01
0.000000000000000000e+00
8.100000000000000000e+01
1.700000000000000000e+01
1.700000000000000000e+01
0.000000000000000000e+00
2.000000000000000000e+00
3.000000000000000000e+01
9.000000000000000000e+00
4.000000000000000000e+00
0.000000000000000000e+00
0.000000000000000000e+00
1.600000000000000000e+01
0.000000000000000000e+00
1.000000000000000000e+00
3.000000000000000000e+00
0.000000000000000000e+00
0.000000000000000000e+00
3.700000000000000000e+01
0.000000000000000000e+00
1.000000000000000000e+00
0.000000000000000000e+00
2.000000000000000000e+01
0.000000000000000000e+00
2.000000000000000000e+00
6.000000000000000000e+00
5.000000000000000000e+00
8.400000000000000000e+01
1.000000000000000000e+00
0.000000000000000000e+00
0.000000000000000000e+00
8.000000000000000000e+00
4.600000000000000000e+01
0.000000000000000000e+00
0.000000000000000000e+00
5.500000000000000000e+01
7.000000000000000000e+00
8.000000000000000000e+00
1.000000000000000000e+00
2.700000000000000000e+01
9.000000000000000000e+00
0.000000000000000000e+00
1.630000000000000000e+02
1.600000000000000000e+01
2.200000000000000000e+01
3.100000000000000000e+01
3.200000000000000000e+01
1.010000000000000000e+02
1.130000000000000000e+02
7.400000000000000000e+01
1.880000000000000000e+02
2.320000000000000000e+02
1.830000000000000000e+02
2.220000000000000000e+02
1.710000000000000000e+02
3.780000000000000000e+02
2.130000000000000000e+02
3.360000000000000000e+02
3.190000000000000000e+02
3.810000000000000000e+02
3.220000000000000000e+02
5.190000000000000000e+02
4.890000000000000000e+02
3.200000000000000000e+02
3.730000000000000000e+02
1.800000000000000000e+02
4.280000000000000000e+02
1.960000000000000000e+02
1.550000000000000000e+02
1.900000000000000000e+01
2.800000000000000000e+01
1.000000000000000000e+01
8.340000000000000000e+02
0.000000000000000000e+00
3.500000000000000000e+01
1.800000000000000000e+01
5.300000000000000000e+01
1.190000000000000000e+02
1.850000000000000000e+02
4.000000000000000000e+00
1.800000000000000000e+01
0.000000000000000000e+00
1.800000000000000000e+01
0.000000000000000000e+00
8.900000000000000000e+01
3.100000000000000000e+01
1.000000000000000000e+00
1.200000000000000000e+01
3.000000000000000000e+00
0.000000000000000000e+00
1.500000000000000000e+01
0.000000000000000000e+00
1.050000000000000000e+02
2.500000000000000000e+01
5.000000000000000000e+00
0.000000000000000000e+00
2.000000000000000000e+00
1.400000000000000000e+01
4.000000000000000000e+00
4.000000000000000000e+00
1.000000000000000000e+00
0.000000000000000000e+00
2.500000000000000000e+01
0.000000000000000000e+00
1.000000000000000000e+00
3.000000000000000000e+00
0.000000000000000000e+00
4.000000000000000000e+00
2.800000000000000000e+01
0.000000000000000000e+00
2.000000000000000000e+00
4.000000000000000000e+00
1.400000000000000000e+01
0.000000000000000000e+00
0.000000000000000000e+00
1.000000000000000000e+01
6.000000000000000000e+00
1.110000000000000000e+02
1.000000000000000000e+00
1.000000000000000000e+00
0.000000000000000000e+00
2.300000000000000000e+01
4.200000000000000000e+01
0.000000000000000000e+00
1.000000000000000000e+00
5.500000000000000000e+01
7.000000000000000000e+00
5.000000000000000000e+00
1.000000000000000000e+00
2.800000000000000000e+01
4.000000000000000000e+00
2.000000000000000000e+00
0.000000000000000000e+00
0.000000000000000000e+00
0.000000000000000000e+00
0.000000000000000000e+00
0.000000000000000000e+00
0.000000000000000000e+00
0.000000000000000000e+00
0.000000000000000000e+00
0.000000000000000000e+00
0.000000000000000000e+00
0.000000000000000000e+00
0.000000000000000000e+00
0.000000000000000000e+00
0.000000000000000000e+00
0.000000000000000000e+00
0.000000000000000000e+00
0.000000000000000000e+00
0.000000000000000000e+00
0.000000000000000000e+00
0.000000000000000000e+00
0.000000000000000000e+00
0.000000000000000000e+00
0.000000000000000000e+00
0.000000000000000000e+00
0.000000000000000000e+00
0.000000000000000000e+00
0.000000000000000000e+00
0.000000000000000000e+00
0.000000000000000000e+00
0.000000000000000000e+00
0.000000000000000000e+00
0.000000000000000000e+00
0.000000000000000000e+00
0.000000000000000000e+00
0.000000000000000000e+00
0.000000000000000000e+00
0.000000000000000000e+00
0.000000000000000000e+00
0.000000000000000000e+00
0.000000000000000000e+00
0.000000000000000000e+00
0.000000000000000000e+00
0.000000000000000000e+00
0.000000000000000000e+00
0.000000000000000000e+00
0.000000000000000000e+00
0.000000000000000000e+00
0.000000000000000000e+00
0.000000000000000000e+00
0.000000000000000000e+00
0.000000000000000000e+00
0.000000000000000000e+00
0.000000000000000000e+00
0.000000000000000000e+00
0.000000000000000000e+00
0.000000000000000000e+00
0.000000000000000000e+00
0.000000000000000000e+00
0.000000000000000000e+00
0.000000000000000000e+00
0.000000000000000000e+00
0.000000000000000000e+00
0.000000000000000000e+00
0.000000000000000000e+00
0.000000000000000000e+00
0.000000000000000000e+00
0.000000000000000000e+00
0.000000000000000000e+00
0.000000000000000000e+00
0.000000000000000000e+00
0.000000000000000000e+00
0.000000000000000000e+00
0.000000000000000000e+00
0.000000000000000000e+00
0.000000000000000000e+00
0.000000000000000000e+00
1.550000000000000000e+02
3.300000000000000000e+01
1.940000000000000000e+02
1.880000000000000000e+02
1.900000000000000000e+02
1.710000000000000000e+02
2.860000000000000000e+02
3.060000000000000000e+02
3.440000000000000000e+02
2.860000000000000000e+02
2.870000000000000000e+02
3.210000000000000000e+02
3.790000000000000000e+02
5.890000000000000000e+02
8.850000000000000000e+02
1.346000000000000000e+03
1.257000000000000000e+03
1.309000000000000000e+03
1.304000000000000000e+03
1.133000000000000000e+03
1.133000000000000000e+03
9.770000000000000000e+02
1.203000000000000000e+03
1.040000000000000000e+03
9.260000000000000000e+02
8.160000000000000000e+02
8.560000000000000000e+02
7.270000000000000000e+02
6.450000000000000000e+02
5.460000000000000000e+02
4.860000000000000000e+02
4.490000000000000000e+02
4.220000000000000000e+02
3.640000000000000000e+02
3.230000000000000000e+02
3.170000000000000000e+02
3.150000000000000000e+02
2.490000000000000000e+02
2.670000000000000000e+02
2.900000000000000000e+02
2.430000000000000000e+02
2.560000000000000000e+02
2.370000000000000000e+02
2.120000000000000000e+02
2.200000000000000000e+02
1.930000000000000000e+02
2.030000000000000000e+02
1.710000000000000000e+02
1.890000000000000000e+02
2.070000000000000000e+02
1.660000000000000000e+02
1.950000000000000000e+02
1.640000000000000000e+02
1.630000000000000000e+02
1.510000000000000000e+02
1.660000000000000000e+02
1.680000000000000000e+02
1.530000000000000000e+02
1.330000000000000000e+02
1.450000000000000000e+02
1.670000000000000000e+02
1.440000000000000000e+02
1.550000000000000000e+02
1.580000000000000000e+02
1.610000000000000000e+02
1.290000000000000000e+02
1.320000000000000000e+02
1.330000000000000000e+02
1.310000000000000000e+02
1.270000000000000000e+02
1.270000000000000000e+02
1.230000000000000000e+02
1.020000000000000000e+02
1.590000000000000000e+02
1.230000000000000000e+02
1.190000000000000000e+02
1.060000000000000000e+02
1.060000000000000000e+02
1.070000000000000000e+02
1.080000000000000000e+02
1.450000000000000000e+02
1.210000000000000000e+02
1.660000000000000000e+02
2.580000000000000000e+02
3.730000000000000000e+02
2.930000000000000000e+02
4.250000000000000000e+02
3.600000000000000000e+02
3.920000000000000000e+02
5.660000000000000000e+02
5.060000000000000000e+02
8.590000000000000000e+02
8.580000000000000000e+02
1.249000000000000000e+03
1.442000000000000000e+03
1.630000000000000000e+03
1.534000000000000000e+03
1.680000000000000000e+03
2.146000000000000000e+03
1.784000000000000000e+03
2.334000000000000000e+03
2.019000000000000000e+03
2.920000000000000000e+03
2.131000000000000000e+03
2.666000000000000000e+03
2.389000000000000000e+03
2.510000000000000000e+03
2.276000000000000000e+03
2.214000000000000000e+03
1.945000000000000000e+03
1.833000000000000000e+03
1.985000000000000000e+03
1.768000000000000000e+03
1.711000000000000000e+03
1.846000000000000000e+03
1.511000000000000000e+03
1.488000000000000000e+03
1.433000000000000000e+03
1.632000000000000000e+03
1.488000000000000000e+03
1.464000000000000000e+03
1.467000000000000000e+03
1.465000000000000000e+03
1.345000000000000000e+03
1.389000000000000000e+03
1.153000000000000000e+03
1.520000000000000000e+03
7.050000000000000000e+02
9.170000000000000000e+02
1.206000000000000000e+03
8.210000000000000000e+02
7.810000000000000000e+02
6.270000000000000000e+02
7.100000000000000000e+02
4.860000000000000000e+02
5.490000000000000000e+02
4.240000000000000000e+02
3.980000000000000000e+02
4.420000000000000000e+02
3.630000000000000000e+02
3.590000000000000000e+02
4.230000000000000000e+02
3.270000000000000000e+02
3.720000000000000000e+02
2.740000000000000000e+02
2.620000000000000000e+02
2.550000000000000000e+02
2.610000000000000000e+02
1.880000000000000000e+02
2.080000000000000000e+02
1.380000000000000000e+02
2.090000000000000000e+02
1.490000000000000000e+02
1.400000000000000000e+02
1.370000000000000000e+02
9.700000000000000000e+01
9.600000000000000000e+01
1.270000000000000000e+02
7.400000000000000000e+01
1.560000000000000000e+02
7.300000000000000000e+01
9.200000000000000000e+01
8.400000000000000000e+01
8.400000000000000000e+01
7.700000000000000000e+01
5.700000000000000000e+01
3.100000000000000000e+01
4.200000000000000000e+01
5.300000000000000000e+01
2.800000000000000000e+01
1.370000000000000000e+02
1.600000000000000000e+01
3.800000000000000000e+01
1.600000000000000000e+01
3.100000000000000000e+01
1.200000000000000000e+01
1.800000000000000000e+01
3.500000000000000000e+01
5.000000000000000000e+00
1.400000000000000000e+01
2.200000000000000000e+01
6.000000000000000000e+00
3.300000000000000000e+01
1.000000000000000000e+01
5.000000000000000000e+00
2.200000000000000000e+01
6.000000000000000000e+00
9.000000000000000000e+00
1.200000000000000000e+01
0.000000000000000000e+00
6.000000000000000000e+00
1.900000000000000000e+01
1.000000000000000000e+00
1.200000000000000000e+01
1.100000000000000000e+01
3.000000000000000000e+00
9.000000000000000000e+00
7.000000000000000000e+00
8.000000000000000000e+00
0.000000000000000000e+00
1.100000000000000000e+01
7.000000000000000000e+00
5.000000000000000000e+00
1.000000000000000000e+00
6.000000000000000000e+00
1.300000000000000000e+01
8.000000000000000000e+00
4.000000000000000000e+00
1.000000000000000000e+00
0.000000000000000000e+00
3.000000000000000000e+00
1.800000000000000000e+01
1.000000000000000000e+00
2.700000000000000000e+01
2.000000000000000000e+00
3.000000000000000000e+00
8.000000000000000000e+00
1.000000000000000000e+00
7.000000000000000000e+00
6.000000000000000000e+00
2.000000000000000000e+00
0.000000000000000000e+00
1.000000000000000000e+00
3.000000000000000000e+00
1.000000000000000000e+00
1.000000000000000000e+00
0.000000000000000000e+00
2.000000000000000000e+00
2.000000000000000000e+00
1.000000000000000000e+00
1.000000000000000000e+00
1.000000000000000000e+00
1.000000000000000000e+00
1.000000000000000000e+00
2.000000000000000000e+00
2.000000000000000000e+00
0.000000000000000000e+00
0.000000000000000000e+00
0.000000000000000000e+00
0.000000000000000000e+00
0.000000000000000000e+00
1.000000000000000000e+00
2.000000000000000000e+00
0.000000000000000000e+00
0.000000000000000000e+00
0.000000000000000000e+00
0.000000000000000000e+00
1.000000000000000000e+00
1.000000000000000000e+00
0.000000000000000000e+00
0.000000000000000000e+00
0.000000000000000000e+00
0.000000000000000000e+00
0.000000000000000000e+00
0.000000000000000000e+00
3.620000000000000000e+02
8.000000000000000000e+00
1.400000000000000000e+01
1.150000000000000000e+02
8.900000000000000000e+01
1.050000000000000000e+02
7.500000000000000000e+01
7.600000000000000000e+01
6.600000000000000000e+01
4.700000000000000000e+01
3.300000000000000000e+01
4.400000000000000000e+01
4.500000000000000000e+01
4.600000000000000000e+01
3.400000000000000000e+01
3.100000000000000000e+01
1.600000000000000000e+01
3.500000000000000000e+01
3.000000000000000000e+01
1.900000000000000000e+01
3.000000000000000000e+01
1.300000000000000000e+01
2.200000000000000000e+01
1.200000000000000000e+01
2.400000000000000000e+01
1.300000000000000000e+01
2.900000000000000000e+01
1.300000000000000000e+01
2.400000000000000000e+01
2.600000000000000000e+01
1.500000000000000000e+01
2.000000000000000000e+01
1.100000000000000000e+01
1.400000000000000000e+01
2.000000000000000000e+01
2.000000000000000000e+01
2.700000000000000000e+01
2.300000000000000000e+01
3.300000000000000000e+01
3.700000000000000000e+01
4.600000000000000000e+01
3.600000000000000000e+01
5.700000000000000000e+01
6.100000000000000000e+01
4.800000000000000000e+01
3.800000000000000000e+01
4.200000000000000000e+01
4.100000000000000000e+01
6.300000000000000000e+01
6.800000000000000000e+01
7.600000000000000000e+01
7.600000000000000000e+01
7.100000000000000000e+01
5.600000000000000000e+01
5.500000000000000000e+01
5.700000000000000000e+01
5.200000000000000000e+01
8.900000000000000000e+01
9.000000000000000000e+01
8.400000000000000000e+01
7.100000000000000000e+01
8.800000000000000000e+01
8.900000000000000000e+01
1.050000000000000000e+02
1.070000000000000000e+02
1.220000000000000000e+02
1.240000000000000000e+02
1.620000000000000000e+02
2.620000000000000000e+02
2.630000000000000000e+02
2.290000000000000000e+02
1.990000000000000000e+02
2.360000000000000000e+02
2.910000000000000000e+02
2.900000000000000000e+02
3.180000000000000000e+02
3.590000000000000000e+02
3.960000000000000000e+02
3.870000000000000000e+02
4.290000000000000000e+02
3.950000000000000000e+02
4.340000000000000000e+02
4.650000000000000000e+02
4.610000000000000000e+02
4.230000000000000000e+02
4.720000000000000000e+02
4.730000000000000000e+02
4.800000000000000000e+02
4.850000000000000000e+02
5.220000000000000000e+02
5.250000000000000000e+02
5.830000000000000000e+02
5.740000000000000000e+02
5.480000000000000000e+02
5.320000000000000000e+02
5.990000000000000000e+02
6.000000000000000000e+02
6.760000000000000000e+02
7.990000000000000000e+02
8.280000000000000000e+02
8.430000000000000000e+02
8.480000000000000000e+02
9.440000000000000000e+02
1.068000000000000000e+03
1.123000000000000000e+03
1.326000000000000000e+03
1.356000000000000000e+03
1.377000000000000000e+03
1.489000000000000000e+03
1.628000000000000000e+03
1.524000000000000000e+03
1.521000000000000000e+03
1.515000000000000000e+03
1.630000000000000000e+03
1.779000000000000000e+03
1.953000000000000000e+03
1.818000000000000000e+03
1.993000000000000000e+03
1.975000000000000000e+03
2.115000000000000000e+03
2.159000000000000000e+03
2.228000000000000000e+03
2.084000000000000000e+03
2.053000000000000000e+03
2.071000000000000000e+03
2.065000000000000000e+03
2.206000000000000000e+03
2.178000000000000000e+03
2.139000000000000000e+03
1.903000000000000000e+03
1.788000000000000000e+03
1.644000000000000000e+03
1.576000000000000000e+03
1.360000000000000000e+03
1.285000000000000000e+03
1.170000000000000000e+03
1.131000000000000000e+03
9.870000000000000000e+02
8.410000000000000000e+02
7.300000000000000000e+02
6.310000000000000000e+02
5.870000000000000000e+02
5.880000000000000000e+02
4.800000000000000000e+02
4.830000000000000000e+02
4.580000000000000000e+02
4.220000000000000000e+02
4.250000000000000000e+02
3.530000000000000000e+02
3.040000000000000000e+02
3.510000000000000000e+02
3.300000000000000000e+02
3.260000000000000000e+02
2.710000000000000000e+02
2.220000000000000000e+02
2.040000000000000000e+02
1.710000000000000000e+02
1.650000000000000000e+02
1.420000000000000000e+02
1.420000000000000000e+02
1.340000000000000000e+02
1.290000000000000000e+02
1.290000000000000000e+02
1.250000000000000000e+02
1.250000000000000000e+02
1.200000000000000000e+02
1.420000000000000000e+02
1.400000000000000000e+02
1.390000000000000000e+02
1.230000000000000000e+02
1.390000000000000000e+02
1.530000000000000000e+02
1.460000000000000000e+02
1.540000000000000000e+02
1.830000000000000000e+02
1.800000000000000000e+02
1.810000000000000000e+02
1.740000000000000000e+02
1.490000000000000000e+02
2.010000000000000000e+02
2.070000000000000000e+02
1.710000000000000000e+02
1.920000000000000000e+02
2.050000000000000000e+02
1.960000000000000000e+02
1.980000000000000000e+02
2.180000000000000000e+02
1.920000000000000000e+02
2.300000000000000000e+02
2.110000000000000000e+02
2.710000000000000000e+02
2.420000000000000000e+02
2.440000000000000000e+02
2.610000000000000000e+02
2.880000000000000000e+02
2.900000000000000000e+02
2.840000000000000000e+02
2.820000000000000000e+02
2.960000000000000000e+02
3.320000000000000000e+02
3.120000000000000000e+02
3.200000000000000000e+02
3.410000000000000000e+02
3.400000000000000000e+02
3.510000000000000000e+02
3.630000000000000000e+02
3.470000000000000000e+02
3.540000000000000000e+02
3.530000000000000000e+02
3.100000000000000000e+02
3.410000000000000000e+02
3.310000000000000000e+02
3.240000000000000000e+02
3.310000000000000000e+02
3.190000000000000000e+02
3.280000000000000000e+02
2.950000000000000000e+02
3.180000000000000000e+02
2.860000000000000000e+02
3.170000000000000000e+02
3.040000000000000000e+02
3.120000000000000000e+02
2.740000000000000000e+02
2.840000000000000000e+02
2.580000000000000000e+02
2.750000000000000000e+02
2.910000000000000000e+02
2.870000000000000000e+02
2.970000000000000000e+02
2.660000000000000000e+02
2.570000000000000000e+02
2.830000000000000000e+02
2.410000000000000000e+02
2.570000000000000000e+02
2.240000000000000000e+02
2.540000000000000000e+02
2.350000000000000000e+02
2.200000000000000000e+02
2.370000000000000000e+02
2.220000000000000000e+02
1.970000000000000000e+02
1.730000000000000000e+02
1.880000000000000000e+02
1.860000000000000000e+02
1.640000000000000000e+02
1.690000000000000000e+02
1.650000000000000000e+02
1.310000000000000000e+02
1.290000000000000000e+02
1.110000000000000000e+02
8.800000000000000000e+01
7.300000000000000000e+01
6.900000000000000000e+01
5.500000000000000000e+01
5.500000000000000000e+01
7.300000000000000000e+01
6.000000000000000000e+02
