1.120000000000000000e+02
1.400000000000000000e+01
2.900000000000000000e+01
3.000000000000000000e+01
3.300000000000000000e+01
2.400000000000000000e+01
5.600000000000000000e+01
8.200000000000000000e+01
9.200000000000000000e+01
1.230000000000000000e+02
9.000000000000000000e+01
1.030000000000000000e+02
1.130000000000000000e+02
1.150000000000000000e+02
9.500000000000000000e+01
1.300000000000000000e+02
9.900000000000000000e+01
1.400000000000000000e+02
1.410000000000000000e+02
1.610000000000000000e+02
1.710000000000000000e+02
1.850000000000000000e+02
2.020000000000000000e+02
2.160000000000000000e+02
2.370000000000000000e+02
2.700000000000000000e+02
2.730000000000000000e+02
2.900000000000000000e+02
3.500000000000000000e+02
3.460000000000000000e+02
3.840000000000000000e+02
3.530000000000000000e+02
4.210000000000000000e+02
3.990000000000000000e+02
4.430000000000000000e+02
4.480000000000000000e+02
4.660000000000000000e+02
4.960000000000000000e+02
4.490000000000000000e+02
5.230000000000000000e+02
5.250000000000000000e+02
5.430000000000000000e+02
5.630000000000000000e+02
5.830000000000000000e+02
6.220000000000000000e+02
6.550000000000000000e+02
6.000000000000000000e+02
6.490000000000000000e+02
6.200000000000000000e+02
6.330000000000000000e+02
6.570000000000000000e+02
6.370000000000000000e+02
6.420000000000000000e+02
6.940000000000000000e+02
6.640000000000000000e+02
6.820000000000000000e+02
6.820000000000000000e+02
6.660000000000000000e+02
6.730000000000000000e+02
6.680000000000000000e+02
6.490000000000000000e+02
7.060000000000000000e+02
7.210000000000000000e+02
6.590000000000000000e+02
6.610000000000000000e+02
6.540000000000000000e+02
7.230000000000000000e+02
6.420000000000000000e+02
6.970000000000000000e+02
7.150000000000000000e+02
6.820000000000000000e+02
6.830000000000000000e+02
7.010000000000000000e+02
7.030000000000000000e+02
6.990000000000000000e+02
6.930000000000000000e+02
6.800000000000000000e+02
6.690000000000000000e+02
6.580000000000000000e+02
7.060000000000000000e+02
6.870000000000000000e+02
6.460000000000000000e+02
7.030000000000000000e+02
6.720000000000000000e+02
7.030000000000000000e+02
6.160000000000000000e+02
6.660000000000000000e+02
7.380000000000000000e+02
7.460000000000000000e+02
7.160000000000000000e+02
7.470000000000000000e+02
7.000000000000000000e+02
7.840000000000000000e+02
7.780000000000000000e+02
7.510000000000000000e+02
7.470000000000000000e+02
7.700000000000000000e+02
7.770000000000000000e+02
7.490000000000000000e+02
8.060000000000000000e+02
8.610000000000000000e+02
7.690000000000000000e+02
8.090000000000000000e+02
8.350000000000000000e+02
8.100000000000000000e+02
8.430000000000000000e+02
8.530000000000000000e+02
8.040000000000000000e+02
7.530000000000000000e+02
7.300000000000000000e+02
6.860000000000000000e+02
6.820000000000000000e+02
7.220000000000000000e+02
7.540000000000000000e+02
6.760000000000000000e+02
6.920000000000000000e+02
6.650000000000000000e+02
6.230000000000000000e+02
6.200000000000000000e+02
6.400000000000000000e+02
6.130000000000000000e+02
6.020000000000000000e+02
6.330000000000000000e+02
6.480000000000000000e+02
5.820000000000000000e+02
5.520000000000000000e+02
5.270000000000000000e+02
5.450000000000000000e+02
5.700000000000000000e+02
5.690000000000000000e+02
5.580000000000000000e+02
5.520000000000000000e+02
5.020000000000000000e+02
5.570000000000000000e+02
5.650000000000000000e+02
5.460000000000000000e+02
5.220000000000000000e+02
5.440000000000000000e+02
6.190000000000000000e+02
5.940000000000000000e+02
5.540000000000000000e+02
5.200000000000000000e+02
5.820000000000000000e+02
5.800000000000000000e+02
5.630000000000000000e+02
5.640000000000000000e+02
6.370000000000000000e+02
5.650000000000000000e+02
5.940000000000000000e+02
5.920000000000000000e+02
6.000000000000000000e+02
5.920000000000000000e+02
5.890000000000000000e+02
5.750000000000000000e+02
5.900000000000000000e+02
5.860000000000000000e+02
6.020000000000000000e+02
6.450000000000000000e+02
6.280000000000000000e+02
6.180000000000000000e+02
6.200000000000000000e+02
6.170000000000000000e+02
6.490000000000000000e+02
6.330000000000000000e+02
6.420000000000000000e+02
6.680000000000000000e+02
7.340000000000000000e+02
7.210000000000000000e+02
7.590000000000000000e+02
7.420000000000000000e+02
7.880000000000000000e+02
8.110000000000000000e+02
8.670000000000000000e+02
8.100000000000000000e+02
9.500000000000000000e+02
9.090000000000000000e+02
1.015000000000000000e+03
1.028000000000000000e+03
1.032000000000000000e+03
1.101000000000000000e+03
1.124000000000000000e+03
1.166000000000000000e+03
1.230000000000000000e+03
1.200000000000000000e+03
1.265000000000000000e+03
1.286000000000000000e+03
1.241000000000000000e+03
1.293000000000000000e+03
1.384000000000000000e+03
1.354000000000000000e+03
1.325000000000000000e+03
1.328000000000000000e+03
1.383000000000000000e+03
1.436000000000000000e+03
1.415000000000000000e+03
1.388000000000000000e+03
1.444000000000000000e+03
1.460000000000000000e+03
1.356000000000000000e+03
1.378000000000000000e+03
1.391000000000000000e+03
1.432000000000000000e+03
1.389000000000000000e+03
1.431000000000000000e+03
1.408000000000000000e+03
1.469000000000000000e+03
1.411000000000000000e+03
1.461000000000000000e+03
1.404000000000000000e+03
1.509000000000000000e+03
1.410000000000000000e+03
1.365000000000000000e+03
1.371000000000000000e+03
1.435000000000000000e+03
1.430000000000000000e+03
1.504000000000000000e+03
1.529000000000000000e+03
1.612000000000000000e+03
1.568000000000000000e+03
1.550000000000000000e+03
1.418000000000000000e+03
1.369000000000000000e+03
1.224000000000000000e+03
1.026000000000000000e+03
6.650000000000000000e+02
4.510000000000000000e+02
3.430000000000000000e+02
2.030000000000000000e+02
1.380000000000000000e+02
6.400000000000000000e+01
4.300000000000000000e+01
1.100000000000000000e+01
6.000000000000000000e+00
0.000000000000000000e+00
2.000000000000000000e+00
1.000000000000000000e+00
0.000000000000000000e+00
0.000000000000000000e+00
2.000000000000000000e+00
0.000000000000000000e+00
0.000000000000000000e+00
2.000000000000000000e+00
0.000000000000000000e+00
0.000000000000000000e+00
0.000000000000000000e+00
0.000000000000000000e+00
0.000000000000000000e+00
0.000000000000000000e+00
0.000000000000000000e+00
0.000000000000000000e+00
0.000000000000000000e+00
0.000000000000000000e+00
0.000000000000000000e+00
0.000000000000000000e+00
0.000000000000000000e+00
0.000000000000000000e+00
8.400000000000000000e+01
2.200000000000000000e+01
2.400000000000000000e+01
2.700000000000000000e+01
3.400000000000000000e+01
6.700000000000000000e+01
8.900000000000000000e+01
1.010000000000000000e+02
1.020000000000000000e+02
9.800000000000000000e+01
1.080000000000000000e+02
9.600000000000000000e+01
7.900000000000000000e+01
8.600000000000000000e+01
9.900000000000000000e+01
9.700000000000000000e+01
1.110000000000000000e+02
1.260000000000000000e+02
1.230000000000000000e+02
1.240000000000000000e+02
1.180000000000000000e+02
1.340000000000000000e+02
1.470000000000000000e+02
1.800000000000000000e+02
1.880000000000000000e+02
2.060000000000000000e+02
2.420000000000000000e+02
2.270000000000000000e+02
2.710000000000000000e+02
2.630000000000000000e+02
2.970000000000000000e+02
3.310000000000000000e+02
3.250000000000000000e+02
3.960000000000000000e+02
3.840000000000000000e+02
3.990000000000000000e+02
4.410000000000000000e+02
4.600000000000000000e+02
4.730000000000000000e+02
5.120000000000000000e+02
5.200000000000000000e+02
5.090000000000000000e+02
5.400000000000000000e+02
6.520000000000000000e+02
5.910000000000000000e+02
5.980000000000000000e+02
6.140000000000000000e+02
6.170000000000000000e+02
6.150000000000000000e+02
6.150000000000000000e+02
6.650000000000000000e+02
6.550000000000000000e+02
6.510000000000000000e+02
6.060000000000000000e+02
6.160000000000000000e+02
6.190000000000000000e+02
6.570000000000000000e+02
6.480000000000000000e+02
6.540000000000000000e+02
6.400000000000000000e+02
6.360000000000000000e+02
6.700000000000000000e+02
6.580000000000000000e+02
6.320000000000000000e+02
6.560000000000000000e+02
6.320000000000000000e+02
6.330000000000000000e+02
6.380000000000000000e+02
6.760000000000000000e+02
6.140000000000000000e+02
6.130000000000000000e+02
6.110000000000000000e+02
6.440000000000000000e+02
6.220000000000000000e+02
6.280000000000000000e+02
6.560000000000000000e+02
5.920000000000000000e+02
5.940000000000000000e+02
6.070000000000000000e+02
5.900000000000000000e+02
6.500000000000000000e+02
5.920000000000000000e+02
6.640000000000000000e+02
6.540000000000000000e+02
6.160000000000000000e+02
6.760000000000000000e+02
7.100000000000000000e+02
6.880000000000000000e+02
6.800000000000000000e+02
7.310000000000000000e+02
6.960000000000000000e+02
6.940000000000000000e+02
7.200000000000000000e+02
7.030000000000000000e+02
7.460000000000000000e+02
6.620000000000000000e+02
7.140000000000000000e+02
7.230000000000000000e+02
7.480000000000000000e+02
7.440000000000000000e+02
6.850000000000000000e+02
6.950000000000000000e+02
6.870000000000000000e+02
6.970000000000000000e+02
7.450000000000000000e+02
7.400000000000000000e+02
6.960000000000000000e+02
7.230000000000000000e+02
7.440000000000000000e+02
7.420000000000000000e+02
6.760000000000000000e+02
7.160000000000000000e+02
6.760000000000000000e+02
6.800000000000000000e+02
6.990000000000000000e+02
6.580000000000000000e+02
6.960000000000000000e+02
6.550000000000000000e+02
6.620000000000000000e+02
6.840000000000000000e+02
6.610000000000000000e+02
6.310000000000000000e+02
6.860000000000000000e+02
5.990000000000000000e+02
6.210000000000000000e+02
5.670000000000000000e+02
5.880000000000000000e+02
5.570000000000000000e+02
6.240000000000000000e+02
5.440000000000000000e+02
5.550000000000000000e+02
5.250000000000000000e+02
5.330000000000000000e+02
5.180000000000000000e+02
5.340000000000000000e+02
5.050000000000000000e+02
5.040000000000000000e+02
5.550000000000000000e+02
5.320000000000000000e+02
5.690000000000000000e+02
5.200000000000000000e+02
5.100000000000000000e+02
5.660000000000000000e+02
5.440000000000000000e+02
5.760000000000000000e+02
5.810000000000000000e+02
5.410000000000000000e+02
5.690000000000000000e+02
6.040000000000000000e+02
5.810000000000000000e+02
5.810000000000000000e+02
5.570000000000000000e+02
6.010000000000000000e+02
5.900000000000000000e+02
6.240000000000000000e+02
6.100000000000000000e+02
5.740000000000000000e+02
5.610000000000000000e+02
6.410000000000000000e+02
6.470000000000000000e+02
5.990000000000000000e+02
6.500000000000000000e+02
6.270000000000000000e+02
6.450000000000000000e+02
6.880000000000000000e+02
7.280000000000000000e+02
6.530000000000000000e+02
6.830000000000000000e+02
7.090000000000000000e+02
7.470000000000000000e+02
8.180000000000000000e+02
8.120000000000000000e+02
8.620000000000000000e+02
9.000000000000000000e+02
9.600000000000000000e+02
9.160000000000000000e+02
1.031000000000000000e+03
1.096000000000000000e+03
1.078000000000000000e+03
1.099000000000000000e+03
1.147000000000000000e+03
1.224000000000000000e+03
1.193000000000000000e+03
1.273000000000000000e+03
1.362000000000000000e+03
1.373000000000000000e+03
1.347000000000000000e+03
1.462000000000000000e+03
1.415000000000000000e+03
1.521000000000000000e+03
1.425000000000000000e+03
1.514000000000000000e+03
1.541000000000000000e+03
1.532000000000000000e+03
1.504000000000000000e+03
1.565000000000000000e+03
1.557000000000000000e+03
1.535000000000000000e+03
1.578000000000000000e+03
1.560000000000000000e+03
1.489000000000000000e+03
1.469000000000000000e+03
1.517000000000000000e+03
1.541000000000000000e+03
1.511000000000000000e+03
1.543000000000000000e+03
1.534000000000000000e+03
1.523000000000000000e+03
1.502000000000000000e+03
1.475000000000000000e+03
1.484000000000000000e+03
1.418000000000000000e+03
1.440000000000000000e+03
1.464000000000000000e+03
1.407000000000000000e+03
1.387000000000000000e+03
1.432000000000000000e+03
1.467000000000000000e+03
1.461000000000000000e+03
1.435000000000000000e+03
1.440000000000000000e+03
1.368000000000000000e+03
1.306000000000000000e+03
1.176000000000000000e+03
9.090000000000000000e+02
6.610000000000000000e+02
4.870000000000000000e+02
3.250000000000000000e+02
1.970000000000000000e+02
9.100000000000000000e+01
3.300000000000000000e+01
1.600000000000000000e+01
1.100000000000000000e+01
1.500000000000000000e+01
1.300000000000000000e+01
1.100000000000000000e+01
9.000000000000000000e+00
2.000000000000000000e+01
7.000000000000000000e+00
1.500000000000000000e+01
1.000000000000000000e+01
1.200000000000000000e+01
1.400000000000000000e+01
8.000000000000000000e+00
1.000000000000000000e+01
1.600000000000000000e+01
1.400000000000000000e+01
1.400000000000000000e+01
1.900000000000000000e+01
9.000000000000000000e+00
1.200000000000000000e+01
1.200000000000000000e+01
1.400000000000000000e+01
1.600000000000000000e+01
1.800000000000000000e+01
1.030000000000000000e+02
1.000000000000000000e+01
7.000000000000000000e+00
7.000000000000000000e+00
7.000000000000000000e+00
2.000000000000000000e+01
1.100000000000000000e+01
2.000000000000000000e+01
4.200000000000000000e+01
5.000000000000000000e+01
5.700000000000000000e+01
7.900000000000000000e+01
8.700000000000000000e+01
9.400000000000000000e+01
1.130000000000000000e+02
1.040000000000000000e+02
1.270000000000000000e+02
1.010000000000000000e+02
9.400000000000000000e+01
9.500000000000000000e+01
1.050000000000000000e+02
9.400000000000000000e+01
1.080000000000000000e+02
1.190000000000000000e+02
1.380000000000000000e+02
1.370000000000000000e+02
1.150000000000000000e+02
1.310000000000000000e+02
1.360000000000000000e+02
1.400000000000000000e+02
1.750000000000000000e+02
1.850000000000000000e+02
1.790000000000000000e+02
2.010000000000000000e+02
2.070000000000000000e+02
2.520000000000000000e+02
2.750000000000000000e+02
2.850000000000000000e+02
2.880000000000000000e+02
3.320000000000000000e+02
3.530000000000000000e+02
3.770000000000000000e+02
3.740000000000000000e+02
4.010000000000000000e+02
4.750000000000000000e+02
4.480000000000000000e+02
4.920000000000000000e+02
4.810000000000000000e+02
5.270000000000000000e+02
5.330000000000000000e+02
5.520000000000000000e+02
5.690000000000000000e+02
5.740000000000000000e+02
5.620000000000000000e+02
6.210000000000000000e+02
6.520000000000000000e+02
6.310000000000000000e+02
6.240000000000000000e+02
6.630000000000000000e+02
6.750000000000000000e+02
6.910000000000000000e+02
6.360000000000000000e+02
6.560000000000000000e+02
6.740000000000000000e+02
6.470000000000000000e+02
6.540000000000000000e+02
6.410000000000000000e+02
6.800000000000000000e+02
5.940000000000000000e+02
6.040000000000000000e+02
6.290000000000000000e+02
6.600000000000000000e+02
6.240000000000000000e+02
6.530000000000000000e+02
6.200000000000000000e+02
7.090000000000000000e+02
6.720000000000000000e+02
6.870000000000000000e+02
6.490000000000000000e+02
6.530000000000000000e+02
6.010000000000000000e+02
6.310000000000000000e+02
6.060000000000000000e+02
5.850000000000000000e+02
6.330000000000000000e+02
6.100000000000000000e+02
6.790000000000000000e+02
6.580000000000000000e+02
6.490000000000000000e+02
6.410000000000000000e+02
6.470000000000000000e+02
6.690000000000000000e+02
6.650000000000000000e+02
7.010000000000000000e+02
6.440000000000000000e+02
6.750000000000000000e+02
7.290000000000000000e+02
6.830000000000000000e+02
7.050000000000000000e+02
6.460000000000000000e+02
6.690000000000000000e+02
6.570000000000000000e+02
6.540000000000000000e+02
6.620000000000000000e+02
6.190000000000000000e+02
6.000000000000000000e+02
6.710000000000000000e+02
6.750000000000000000e+02
6.660000000000000000e+02
6.910000000000000000e+02
7.120000000000000000e+02
6.610000000000000000e+02
6.500000000000000000e+02
6.110000000000000000e+02
7.060000000000000000e+02
6.490000000000000000e+02
6.600000000000000000e+02
6.010000000000000000e+02
6.690000000000000000e+02
6.640000000000000000e+02
6.400000000000000000e+02
6.400000000000000000e+02
6.690000000000000000e+02
6.620000000000000000e+02
6.440000000000000000e+02
6.670000000000000000e+02
6.190000000000000000e+02
6.290000000000000000e+02
6.530000000000000000e+02
6.400000000000000000e+02
6.480000000000000000e+02
6.070000000000000000e+02
6.440000000000000000e+02
6.290000000000000000e+02
6.570000000000000000e+02
6.330000000000000000e+02
5.780000000000000000e+02
5.780000000000000000e+02
5.530000000000000000e+02
5.360000000000000000e+02
5.190000000000000000e+02
5.450000000000000000e+02
5.230000000000000000e+02
5.760000000000000000e+02
6.090000000000000000e+02
5.700000000000000000e+02
5.660000000000000000e+02
5.710000000000000000e+02
5.490000000000000000e+02
5.940000000000000000e+02
5.770000000000000000e+02
6.180000000000000000e+02
6.170000000000000000e+02
6.640000000000000000e+02
6.300000000000000000e+02
5.990000000000000000e+02
6.390000000000000000e+02
6.790000000000000000e+02
6.670000000000000000e+02
6.480000000000000000e+02
6.880000000000000000e+02
7.080000000000000000e+02
6.220000000000000000e+02
6.880000000000000000e+02
7.220000000000000000e+02
6.950000000000000000e+02
7.040000000000000000e+02
7.040000000000000000e+02
7.610000000000000000e+02
7.640000000000000000e+02
7.860000000000000000e+02
7.880000000000000000e+02
8.690000000000000000e+02
8.860000000000000000e+02
8.890000000000000000e+02
9.440000000000000000e+02
9.930000000000000000e+02
1.058000000000000000e+03
1.129000000000000000e+03
1.188000000000000000e+03
1.169000000000000000e+03
1.197000000000000000e+03
1.312000000000000000e+03
1.265000000000000000e+03
1.360000000000000000e+03
1.452000000000000000e+03
1.476000000000000000e+03
1.544000000000000000e+03
1.617000000000000000e+03
1.613000000000000000e+03
1.657000000000000000e+03
1.615000000000000000e+03
1.675000000000000000e+03
1.666000000000000000e+03
1.626000000000000000e+03
1.639000000000000000e+03
1.667000000000000000e+03
1.717000000000000000e+03
1.648000000000000000e+03
1.668000000000000000e+03
1.616000000000000000e+03
1.630000000000000000e+03
1.546000000000000000e+03
1.600000000000000000e+03
1.630000000000000000e+03
1.639000000000000000e+03
1.592000000000000000e+03
1.648000000000000000e+03
1.693000000000000000e+03
1.607000000000000000e+03
1.659000000000000000e+03
1.531000000000000000e+03
1.499000000000000000e+03
1.493000000000000000e+03
1.561000000000000000e+03
1.585000000000000000e+03
1.538000000000000000e+03
1.641000000000000000e+03
1.554000000000000000e+03
1.522000000000000000e+03
1.442000000000000000e+03
1.517000000000000000e+03
1.376000000000000000e+03
1.119000000000000000e+03
8.470000000000000000e+02
5.870000000000000000e+02
3.670000000000000000e+02
2.420000000000000000e+02
1.770000000000000000e+02
6.900000000000000000e+01
3.800000000000000000e+01
1.800000000000000000e+01
2.400000000000000000e+01
1.100000000000000000e+01
1.400000000000000000e+01
1.100000000000000000e+01
1.800000000000000000e+01
8.000000000000000000e+00
1.300000000000000000e+01
1.100000000000000000e+01
1.900000000000000000e+01
1.000000000000000000e+01
1.800000000000000000e+01
1.700000000000000000e+01
2.000000000000000000e+01
1.100000000000000000e+01
1.800000000000000000e+01
1.900000000000000000e+01
1.600000000000000000e+01
1.800000000000000000e+01
6.000000000000000000e+00
2.100000000000000000e+01
1.000000000000000000e+01
1.700000000000000000e+01
1.000000000000000000e+01
8.000000000000000000e+00
3.300000000000000000e+01
